image: map3.pgm
resolution: 0.0625
origin: [-50.52255874622242,-21.37267303428029, 0.000000]
negate: 0
occupied_thresh: 0.45
free_thresh: 0.196