image: map0.pgm
resolution: 0.062500
origin: [-78.02415257382583,-44.367680621777794, 0.000000]
negate: 0
occupied_thresh: 0.45
free_thresh: 0.196