image: map1.pgm
resolution: 0.062500
origin: [-78.00096861597677,-44.146082072466065, 0.000000]
negate: 0
occupied_thresh: 0.45
free_thresh: 0.196