image: map3.pgm
resolution: 0.062500
origin: [-78.2382725378089,-44.14270938240372, 0.000000]
negate: 0
occupied_thresh: 0.45
free_thresh: 0.196