image: map5.pgm
resolution: 0.062500
origin: [-78.09051985630369,-44.26814804388073, 0.000000]
negate: 0
occupied_thresh: 0.45
free_thresh: 0.196