image: map6.pgm
resolution: 0.062500
origin: [-61.016997528319806,-47.07447064267314, 0.000000]
negate: 0
occupied_thresh: 0.45
free_thresh: 0.196