image: map7.pgm
resolution: 0.062500
origin: [-77.97956531394297,-44.073859517796706, 0.000000]
negate: 0
occupied_thresh: 0.45
free_thresh: 0.196