image: map8.pgm
resolution: 0.062500
origin: [-78.11051900267105,-44.18305885755731, 0.000000]
negate: 0
occupied_thresh: 0.45
free_thresh: 0.196