image: map9.pgm
resolution: 0.062500
origin: [-78.05012347040618,-44.08734524607325, 0.000000]
negate: 0
occupied_thresh: 0.45
free_thresh: 0.196